                    1111111111111111111111111111
                    1222222222222222222222222221
                    1222222222222222222222222221
                    1222222222222222222222222221
                    1222222222222222222222222221
                    1222222222222222222222222221
                    1222222222222222222222222221
                    1111111111111222111111111111
                                12221
                                12221
                                12221
11111111111111            11111112221
12222222222221            12222222221
12222222222221            12222222221
12222222222221            12222222221
12222222222221            12221111111
122222222222N1            12221
12222222222221111111111111122211111111111111
12222222222222222222222222222222222222222221
12222222222222222222222222222222222222222221
12222222222222222222222222222222222222222221
11111111122211111111111111111111111111111111
    12222222222222222222222222222222222221
    12222222222222222222222222222222222221
    12222222111111122222222222222222222221
    111111111     122222222222222222222221
                  122222222222222222222221
                  122222222222222222222221
                  122222222222222222222221
                  122222222222222222222221
                  122222222222222222222221
                  111111111111111111111111